[cam_01]
name = "int_cam1_img"
size = [ 1088.0, 1920.0]
matrix = [ [ 1684.5047197899185, 0.0, 543.5], [ 0.0, 1683.673555849299, 959.5], [ 0.0, 0.0, 1.0]]
distortions = [ -0.039138683191583944, 0.1218103935284797, 0.0032579093081951667, -0.0018536626694605751]
rotation = [ 1.6979040034605661, 1.0454503623806635, -0.3967052479550455]
translation = [ 0.2993949854075437, 0.9123682264266217, 2.9525770726222924]
fisheye = false

[cam_02]
name = "int_cam2_img"
size = [ 1088.0, 1920.0]
matrix = [ [ 1682.5869849743954, 0.0, 543.5], [ 0.0, 1682.2874421959987, 959.5], [ 0.0, 0.0, 1.0]]
distortions = [ -0.04721848950094313, 0.1486463790994366, 0.003443047027444872, -0.002371907358995211]
rotation = [ 1.3583729171384762, 1.596543959936354, -1.1775107540333758]
translation = [ -0.1432587418510512, 0.7570810073112453, 3.196791488077418]
fisheye = false

[cam_03]
name = "int_cam3_img"
size = [ 1088.0, 1920.0]
matrix = [ [ 1686.8339543928955, 0.0, 543.5], [ 0.0, 1685.6467627295945, 959.5], [ 0.0, 0.0, 1.0]]
distortions = [ -0.02766649152544831, 0.046899117070522744, 0.002969945413330381, -0.0005438362438561441]
rotation = [ 0.7975948684033358, -2.204154235951477, 1.4122848828663128]
translation = [ -0.8199180323949162, 0.3283785895343736, 4.3326000802663]
fisheye = false

[cam_04]
name = "int_cam4_img"
size = [ 1088.0, 1920.0]
matrix = [ [ 1685.1935162257228, 0.0, 543.5], [ 0.0, 1683.3046331436326, 959.5], [ 0.0, 0.0, 1.0]]
distortions = [ -0.04893927682748424, 0.1498722992646072, 0.002083782789316641, -0.0019006232728624472]
rotation = [ 1.4121158466686754, -1.3970202251874027, 0.4294398801141392]
translation = [ 0.49829663108922206, 0.04570535749730321, 4.395597511456334]
fisheye = false

[metadata]
adjusted = false
error = 0.0
