[cam_1]
name = "cam_01"
size = [ 1088.0, 1920.0]
matrix = [ [ 1687.6396622414502, 0.0, 543.5], [ 0.0, 1686.6625452424132, 959.5], [ 0.0, 0.0, 1.0]]
distortions = [ -0.05054882348909584, 0.1576374662929963, 0.002210439026715273, -0.002164250840100675]
rotation = [ 0, 0, 0]
translation = [ 0, 0, 0]
fisheye = false

[cam_2]
name = "cam_02"
size = [ 1088.0, 1920.0]
matrix = [ [ 1687.859605173682, 0.0, 543.5], [ 0.0, 1685.4371774565182, 959.5], [ 0.0, 0.0, 1.0]]
distortions = [ -0.03518095956993663, 0.037170387967130306, 0.0017983248726869015, -0.0018747264134721386]
rotation = [ 0, 0, 0]
translation = [ 0, 0, 0]
fisheye = false

[cam_3]
name = "cam_03"
size = [ 1088.0, 1920.0]
matrix = [ [ 1680.286039024573, 0.0, 543.5], [ 0.0, 1681.1761700950424, 959.5], [ 0.0, 0.0, 1.0]]
distortions = [ -0.030304789365317657, 0.04613237843981006, 0.004618104732402956, -0.001684974310757026]
rotation = [ 0, 0, 0]
translation = [ 0, 0, 0]
fisheye = false

[cam_4]
name = "cam_04"
size = [ 1088.0, 1920.0]
matrix = [ [ 1689.483288223434, 0.0, 543.5], [ 0.0, 1688.5630322142706, 959.5], [ 0.0, 0.0, 1.0]]
distortions = [ -0.04369424846208241, 0.12212413289800295, 0.0017367557051414114, -0.0018985222378279064]
rotation = [ 0, 0, 0]
translation = [ 0, 0, 0]
fisheye = false

[metadata]
adjusted = false
error = 0.0
