[cam_01]
name = "cam_01"
size = [ 1088.0, 1920.0]
matrix = [ [ 1681.244873046875, 0.0, 532.97369384375], [ 0.0, 1681.075439453125, 948.137390140625], [ 0.0, 0.0, 1.0]]
distortions = [ -0.000721609375, 0.002187234375, 9.5e-06, 1.078125e-05]
rotation = [ [1.70179346], [1.04839803], [-0.40602443]]
translation = [ [0.31962238], [0.93995713], [2.97508412]]
fisheye = false

[cam_02]
name = "cam_02"
size = [ 1088.0, 1920.0]
matrix = [ [ 1673.729614265625, 0.0, 534.494567875], [ 0.0, 1673.79724121875, 963.225891109375], [ 0.0, 0.0, 1.0]]
distortions = [ -0.000747609375, 0.00213728125, 1.51875e-05, 4.546875e-06]
rotation = [ [1.35902244], [1.60141928], [-1.18177902]]
translation = [ [-0.12599186], [0.74502948], [3.17221429]]
fisheye = false

[cam_03]
name = "cam_03"
size = [ 1088.0, 1920.0]
matrix = [ [ 1681.598388671875, 0.0, 513.20837403125], [ 0.0, 1681.509887703125, 955.005126953125], [ 0.0, 0.0, 1.0]]
distortions = [ -0.000729765625, 0.00215034375, -8.46875e-06, -8.078125e-06]
rotation = [ [0.81816165], [-2.22184308], [1.4608978]]
translation = [ [-0.76301979], [0.34503189], [4.43845847]]
fisheye = false

[cam_04]
name = "cam_04"
size = [ 1088.0, 1920.0]
matrix = [ [ 1675.234985359375, 0.0, 540.106201171875], [ 0.0, 1675.204223640625, 964.0302734375], [ 0.0, 0.0, 1.0]]
distortions = [ -0.000744265625, 0.002104171875, 4.328125e-06, 3.109375e-06]
rotation = [ [1.4245729], [-1.39512301], [0.45721172]]
translation = [ [0.48659282], [0.02675454], [4.33496911]]
fisheye = false

[metadata]
adjusted = false
error = 0.0
